1 1.0
2 1.504
3 1.851
4 2.055
5 2.334
6 2.404
7 2.611
8 2.819
9 2.828
10 2.892
11 3.012
12 3.191
13 3.199
14 3.25
15 3.362
16 3.316
17 3.446
18 3.523
19 3.627
20 3.641
21 3.659
22 3.723
23 3.794
24 3.844
25 3.781
26 3.842
27 3.845
28 3.925
29 3.889
30 4.092
31 4.072
32 4.014
33 4.104
34 4.057
35 4.165
36 4.277
37 4.232
38 4.379
39 4.306
40 4.279
41 4.353
42 4.358
43 4.262
44 4.286
45 4.351
46 4.41
47 4.421
48 4.455
49 4.573
50 4.397
51 4.48
52 4.553
53 4.542
54 4.633
55 4.65
56 4.533
57 4.602
58 4.637
59 4.645
60 4.638
61 4.72
62 4.733
63 4.682
64 4.797
65 4.746
66 4.764
67 4.798
68 4.83
69 4.723
70 4.779
71 4.802
72 4.854
73 4.871
74 4.897
75 4.866
76 4.929
77 4.873
78 4.984
79 4.918
80 5.06
81 4.986
82 4.983
83 4.997
84 4.982
85 5.081
86 5.062
87 5.156
88 5.088
89 5.053
90 5.22
91 5.057
92 5.152
93 5.212
94 5.254
95 5.234
96 5.236
97 5.158
98 5.174
99 5.202
100 5.134
101 5.268
102 5.19
103 5.116
104 5.193
105 5.096
106 5.216
107 5.248
108 5.333
109 5.214
110 5.302
111 5.201
112 5.35
113 5.271
114 5.315
115 5.317
116 5.302
117 5.292
118 5.358
119 5.381
120 5.388
121 5.33
122 5.439
123 5.427
124 5.457
125 5.52
126 5.44
127 5.497
128 5.388
129 5.386
130 5.46
131 5.373
132 5.373
133 5.459
134 5.529
135 5.505
136 5.467
137 5.584
138 5.505
139 5.511
140 5.551
141 5.476
142 5.623
143 5.512
144 5.629
145 5.538
146 5.706
147 5.459
148 5.539
149 5.67
150 5.572
151 5.674
152 5.546
153 5.62
154 5.603
155 5.672
156 5.596
157 5.582
158 5.702
159 5.646
160 5.616
161 5.589
162 5.74
163 5.677
164 5.685
165 5.744
166 5.723
167 5.641
168 5.636
169 5.707
170 5.712
171 5.706
172 5.667
173 5.74
174 5.709
175 5.758
176 5.637
177 5.794
178 5.807
179 5.819
180 5.765
181 5.765
182 5.799
183 5.815
184 5.841
185 5.822
186 5.686
187 5.824
188 5.848
189 5.693
190 5.776
191 5.799
192 5.868
193 5.962
194 5.908
195 5.965
196 5.82
197 5.67
198 5.916
199 5.762
200 5.794
201 5.933
202 5.953
203 5.911
204 5.957
205 5.96
206 5.96
207 5.929
208 6.013
209 5.898
210 5.944
211 5.911
212 6.099
213 5.864
214 5.891
215 5.943
216 5.97
217 5.934
218 5.978
219 5.949
220 5.922
221 6.057
222 6.068
223 5.974
224 6.059
225 5.998
226 5.993
227 6.056
228 6.012
229 6.053
230 5.932
231 5.97
232 5.955
233 6.079
234 6.055
235 6.188
236 6.045
237 5.959
238 6.02
239 6.13
240 6.054
241 6.047
242 6.016
243 6.094
244 6.114
245 6.004
246 6.178
247 6.169
248 6.229
249 5.938
250 6.107
251 5.989
252 6.141
253 6.178
254 6.165
255 6.067
256 5.94
257 6.245
258 6.122
259 6.126
260 6.177
261 6.079
262 6.107
263 6.08
264 6.242
265 6.025
266 6.2
267 6.191
268 6.218
269 6.19
270 6.157
271 6.217
272 6.14
273 6.117
274 6.179
275 6.194
276 6.285
277 6.224
278 6.204
279 6.299
280 6.307
281 6.175
282 6.307
283 6.158
284 6.276
285 6.259
286 6.176
287 6.184
288 6.268
289 6.25
290 6.251
291 6.362
292 6.167
293 6.367
294 6.254
295 6.285
296 6.245
297 6.355
298 6.215
299 6.292
300 6.21
301 6.312
302 6.353
303 6.387
304 6.317
305 6.324
306 6.351
307 6.304
308 6.246
309 6.239
310 6.402
311 6.287
312 6.301
313 6.383
314 6.33
315 6.414
316 6.39
317 6.295
318 6.369
319 6.341
320 6.388
321 6.245
322 6.459
323 6.399
324 6.344
325 6.39
326 6.292
327 6.342
328 6.371
329 6.295
330 6.295
331 6.327
332 6.345
333 6.392
334 6.498
335 6.468
336 6.251
337 6.473
338 6.464
339 6.347
340 6.372
341 6.417
342 6.495
343 6.513
344 6.393
345 6.393
346 6.403
347 6.508
348 6.62
349 6.474
350 6.504
351 6.498
352 6.523
353 6.504
354 6.485
355 6.406
356 6.398
357 6.594
358 6.442
359 6.359
360 6.44
361 6.475
362 6.539
363 6.419
364 6.407
365 6.485
366 6.439
367 6.491
368 6.43
369 6.513
370 6.463
371 6.553
372 6.493
373 6.566
374 6.445
375 6.512
376 6.553
377 6.627
378 6.517
379 6.532
380 6.376
381 6.559
382 6.416
383 6.401
384 6.494
385 6.456
386 6.555
387 6.577
388 6.575
389 6.593
390 6.672
391 6.535
392 6.49
393 6.638
394 6.468
395 6.512
396 6.399
397 6.553
398 6.651
399 6.529
400 6.516
401 6.597
402 6.627
403 6.607
404 6.563
405 6.65
406 6.567
407 6.675
408 6.609
409 6.467
410 6.584
411 6.553
412 6.603
413 6.557
414 6.445
415 6.559
416 6.684
417 6.594
418 6.604
419 6.546
420 6.668
421 6.58
422 6.677
423 6.635
424 6.597
425 6.587
426 6.687
427 6.622
428 6.72
429 6.75
430 6.597
431 6.617
432 6.612
433 6.653
434 6.717
435 6.609
436 6.584
437 6.717
438 6.677
439 6.611
440 6.68
441 6.714
442 6.621
443 6.658
444 6.655
445 6.588
446 6.607
447 6.711
448 6.672
449 6.847
450 6.671
451 6.828
452 6.697
453 6.659
454 6.7
455 6.651
456 6.656
457 6.685
458 6.649
459 6.918
460 6.678
461 6.693
462 6.667
463 6.68
464 6.717
465 6.618
466 6.644
467 6.636
468 6.75
469 6.855
470 6.707
471 6.687
472 6.677
473 6.694
474 6.72
475 6.771
476 6.657
477 6.83
478 6.701
479 6.757
480 6.704
481 6.701
482 6.826
483 6.659
484 6.768
485 6.843
486 6.931
487 6.796
488 6.791
489 6.628
490 6.732
491 6.686
492 6.754
493 6.817
494 6.863
495 6.85
496 6.762
497 6.858
498 6.736
499 6.859
500 6.784
501 6.746
502 6.687
503 6.856
504 6.657
505 6.764
506 6.809
507 6.867
508 6.807
509 6.781
510 6.857
511 6.753
512 6.776
513 6.878
514 6.904
515 6.738
516 6.797
517 6.661
518 6.903
519 6.934
520 6.757
521 6.897
522 6.688
523 6.809
524 6.883
525 6.915
526 6.784
527 6.844
528 6.738
529 6.733
530 6.782
531 6.878
532 6.8
533 6.688
534 6.918
535 6.859
536 6.825
537 6.873
538 6.679
539 6.87
540 6.852
541 6.782
542 6.73
543 6.818
544 6.846
545 6.896
546 6.983
547 7.073
548 6.857
549 6.904
550 6.806
551 6.894
552 6.86
553 6.894
554 6.833
555 6.86
556 6.697
557 6.902
558 6.976
559 6.954
560 6.856
561 6.847
562 6.896
563 6.97
564 6.988
565 6.87
566 6.801
567 6.868
568 6.806
569 6.894
570 6.921
571 6.902
572 6.851
573 7.039
574 6.983
575 6.922
576 6.994
577 7.021
578 7.016
579 6.975
580 6.867
581 6.75
582 6.958
583 6.811
584 6.983
585 6.913
586 6.946
587 6.952
588 6.978
589 6.915
590 7.06
591 6.89
592 6.947
593 7.033
594 6.979
595 6.937
596 7.034
597 6.764
598 7.091
599 7.011
600 7.036
601 6.983
602 7.113
603 7.018
604 7.095
605 6.946
606 6.888
607 7.113
608 7.05
609 6.924
610 6.889
611 7.004
612 6.887
613 6.935
614 7.019
615 6.856
616 7.112
617 7.08
618 7.029
619 7.069
620 6.99
621 7.077
622 7.034
623 6.998
624 7.034
625 6.957
626 7.191
627 6.99
628 7.075
629 7.032
630 6.98
631 7.007
632 7.077
633 6.982
634 7.019
635 7.009
636 6.976
637 7.062
638 6.859
639 7.03
640 6.891
641 7.103
642 6.996
643 7.062
644 7.0
645 7.04
646 7.05
647 7.061
648 7.095
649 6.985
650 6.989
651 7.019
652 7.061
653 7.067
654 6.99
655 7.154
656 7.026
657 7.016
658 7.117
659 7.015
660 7.151
661 7.071
662 7.103
663 7.062
664 7.161
665 7.088
666 7.028
667 7.009
668 7.173
669 7.029
670 7.107
671 7.112
672 7.047
673 6.999
674 7.042
675 7.014
676 7.037
677 7.129
678 6.992
679 7.161
680 7.01
681 7.075
682 7.226
683 6.991
684 7.047
685 7.16
686 7.156
687 7.172
688 7.137
689 7.202
690 7.165
691 7.148
692 7.16
693 7.006
694 7.147
695 7.207
696 7.143
697 7.065
698 7.056
699 7.079
700 7.152
701 7.078
702 7.125
703 6.941
704 7.121
705 7.16
706 7.075
707 7.094
708 7.255
709 7.009
710 7.259
711 7.037
712 7.086
713 7.227
714 7.276
715 7.227
716 7.237
717 7.128
718 7.163
719 7.184
720 7.105
721 7.177
722 7.283
723 7.078
724 7.121
725 7.157
726 7.118
727 7.137
728 7.092
729 7.135
730 7.24
731 7.281
732 7.258
733 7.203
734 7.27
735 7.311
736 7.13
737 7.151
738 7.271
739 7.214
740 7.237
741 7.113
742 7.266
743 7.18
744 7.276
745 7.163
746 7.146
747 7.288
748 7.19
749 7.264
750 7.302
751 7.045
752 7.087
753 7.217
754 7.142
755 7.143
756 7.191
757 7.267
758 7.242
759 7.318
760 7.093
761 7.133
762 7.262
763 7.076
764 7.148
765 7.401
766 7.269
767 7.241
768 7.013
769 7.181
770 7.132
771 7.34
772 7.112
773 7.44
774 7.181
775 7.154
776 7.22
777 7.186
778 7.351
779 7.249
780 7.2
781 7.371
782 7.388
783 7.213
784 7.322
785 7.222
786 7.109
787 7.163
788 7.342
789 7.29
790 7.175
791 7.237
792 7.198
793 7.108
794 7.208
795 7.303
796 7.096
797 7.249
798 7.231
799 7.293
800 7.291
801 7.201
802 7.251
803 7.212
804 7.415
805 7.216
806 7.334
807 7.244
808 7.302
809 7.227
810 7.375
811 7.233
812 7.252
813 7.319
814 7.218
815 7.432
816 7.35
817 7.326
818 7.389
819 7.285
820 7.289
821 7.294
822 7.24
823 7.187
824 7.237
825 7.179
826 7.203
827 7.383
828 7.468
829 7.249
830 7.242
831 7.326
832 7.247
833 7.395
834 7.342
835 7.291
836 7.302
837 7.24
838 7.28
839 7.293
840 7.343
841 7.388
842 7.282
843 7.34
844 7.301
845 7.297
846 7.343
847 7.289
848 7.275
849 7.232
850 7.405
851 7.307
852 7.386
853 7.274
854 7.207
855 7.4
856 7.304
857 7.328
858 7.251
859 7.302
860 7.274
861 7.27
862 7.479
863 7.386
864 7.374
865 7.475
866 7.299
867 7.371
868 7.399
869 7.41
870 7.368
871 7.408
872 7.37
873 7.416
874 7.455
875 7.397
876 7.328
877 7.294
878 7.287
879 7.333
880 7.394
881 7.388
882 7.341
883 7.304
884 7.369
885 7.443
886 7.351
887 7.426
888 7.371
889 7.392
890 7.295
891 7.387
892 7.431
893 7.24
894 7.511
895 7.301
896 7.331
897 7.395
898 7.462
899 7.389
900 7.404
901 7.394
902 7.413
903 7.243
904 7.445
905 7.443
906 7.363
907 7.366
908 7.438
909 7.523
910 7.402
911 7.484
912 7.316
913 7.286
914 7.437
915 7.404
916 7.429
917 7.414
918 7.301
919 7.388
920 7.387
921 7.419
922 7.381
923 7.497
924 7.344
925 7.528
926 7.374
927 7.368
928 7.425
929 7.221
930 7.339
931 7.433
932 7.343
933 7.387
934 7.479
935 7.528
936 7.431
937 7.455
938 7.453
939 7.415
940 7.541
941 7.549
942 7.523
943 7.349
944 7.428
945 7.442
946 7.423
947 7.347
948 7.489
949 7.509
950 7.292
951 7.546
952 7.427
953 7.432
954 7.517
955 7.51
956 7.471
957 7.383
958 7.487
959 7.446
960 7.467
961 7.353
962 7.398
963 7.4
964 7.448
965 7.394
966 7.478
967 7.589
968 7.393
969 7.362
970 7.571
971 7.505
972 7.489
973 7.426
974 7.544
975 7.411
976 7.592
977 7.523
978 7.493
979 7.581
980 7.509
981 7.436
982 7.58
983 7.528
984 7.419
985 7.446
986 7.475
987 7.548
988 7.46
989 7.412
990 7.43
991 7.56
992 7.559
993 7.531
994 7.599
995 7.436
996 7.427
997 7.458
998 7.443
999 7.516
1000 7.415
